4	0.9	0
4	0.491	1
4	0.34	1
3	0.91	0
2	0.088	1
3	0.647	1
3	0.234	0
4	0.71	0
5	0.37	1
4	0.897	0
2	0.065	1
1	0.455	0
5	0.811	1
5	0.629	1
5	0.175	0
2	0.143	1
4	0.395	1
3	0.476	1
5	0.029	1
5	0.287	1
3	0.502	0
3	1.0	0
5	0.246	1
2	0.967	0
2	0.833	1
3	0.114	1
5	0.908	1
4	0.97	0
3	0.05	1
3	0.429	1
4	0.38	1
5	0.851	0
1	0.486	1
1	0.786	1
5	0.923	0
2	0.629	1
4	0.633	0
4	0.864	0
3	0.357	1
4	0.4	0
4	0.91	0
1	0.358	0
2	0.013	1
2	0.831	0
2	0.474	1
2	0.945	0
1	0.755	0
4	0.84	0
3	0.602	0
4	0.436	0
4	0.606	1
1	0.023	1
2	0.259	1
4	0.651	0
4	0.963	0
3	0.691	0
5	0.625	0
4	0.478	0
2	0.335	1
2	0.518	1
3	0.301	1
3	0.407	1
5	0.088	1
4	0.023	1
1	0.784	0
3	0.403	0
4	0.891	0
3	0.024	1
5	0.967	0
4	0.651	0
5	0.391	1
5	0.53	0
2	0.261	1
2	0.094	1
2	0.474	1
1	0.971	0
4	0.735	0
2	0.687	1
1	0.787	1
2	0.025	1
1	0.108	1
1	0.193	1
3	0.992	0
2	0.094	1
3	0.923	1
1	0.143	1
1	0.456	0
5	0.087	1
2	0.475	1
1	0.745	0
5	0.847	0
3	0.865	1
5	0.015	1
4	0.267	1
3	0.98	0
3	0.012	1
1	0.28	1
3	0.219	0
5	0.177	1
5	0.246	1
4	0.416	0
5	0.736	0
1	0.846	0
2	0.555	0
4	0.05	1
3	0.013	1
5	0.014	1
3	0.553	1
5	0.856	0
4	0.332	1
5	0.594	1
2	0.112	1
5	0.878	0
1	0.669	0
2	0.844	0
5	0.506	1
2	0.858	1
1	0.518	1
4	0.048	1
5	0.915	0
3	0.268	0
1	0.91	0
3	0.036	1
5	0.276	1
1	0.68	0
2	0.545	1
3	0.342	1
5	0.394	1
1	0.762	0
4	0.272	1
1	0.416	1
5	0.379	1
4	0.202	1
3	0.367	0
3	0.841	1
1	0.736	0
4	0.067	1
4	0.296	1
1	0.405	1
1	0.523	1
3	0.888	0
3	0.271	1
1	0.388	1
1	0.843	0
2	0.373	1
2	0.23	1
4	0.451	1
1	0.637	1
2	0.483	1
1	0.982	0
5	0.133	1
3	0.86	0
2	0.35	0
5	0.43	1
5	0.722	0
2	0.726	1
4	0.079	1
4	0.79	1
1	0.215	0
1	0.843	0
4	0.956	0
2	0.663	1
5	0.556	0
4	0.694	1
3	0.117	1
1	0.55	1
4	0.539	0
3	0.855	0
1	0.531	0
1	0.554	0
1	0.468	1
3	0.787	1
4	0.819	1
3	0.028	1
1	0.281	0
5	0.621	0
3	0.345	0
4	0.391	1
3	0.888	0
3	0.802	0
2	0.51	0
2	0.997	0
5	0.492	0
2	0.974	0
5	0.122	1
5	0.739	0
3	0.114	1
5	0.665	0
1	0.642	0
1	0.192	1
4	0.719	1
3	0.631	0
1	0.639	0
5	0.684	1
4	0.513	0
1	0.423	0
4	0.525	1
1	0.004	1
1	0.576	1
1	0.446	1
2	0.346	1
2	0.385	1
3	0.824	0
4	0.501	1
2	0.674	1
5	0.207	1
2	0.503	1
3	0.415	1
4	0.014	1
2	0.028	1
2	0.425	0
2	0.187	1
4	0.914	0
1	0.258	1
3	0.612	1
3	0.054	1
2	0.962	0
2	0.807	1
3	0.701	0
3	0.297	1
1	0.628	0
1	0.642	1
4	0.322	1
4	0.967	0
2	0.459	1
3	0.124	0
3	0.138	0
1	0.423	1
5	0.949	0
3	0.718	1
5	0.626	0
4	0.853	0
1	0.328	1
3	0.096	1
2	0.704	1
3	0.734	0
5	0.694	1
3	0.069	1
1	0.798	0
1	0.188	1
3	0.528	1
4	0.476	0
3	0.966	0
3	0.728	0
2	0.772	0
2	0.302	1
3	0.059	1
4	0.958	0
4	0.411	0
5	0.719	1
3	0.771	0
1	0.719	0
4	0.463	0
5	0.209	1
5	0.079	0
1	0.046	1
4	0.595	0
3	0.738	0
5	0.602	1
4	0.694	0
5	0.679	0
4	0.92	1
5	0.638	0
1	0.406	1
2	0.877	0
1	0.789	1
2	0.411	1
1	0.925	0
3	0.724	1
3	0.698	0
2	0.14	1
4	0.356	0
4	0.491	1
2	0.301	1
3	0.799	1
5	0.129	1
5	0.959	0
3	0.979	0
1	0.979	0
1	0.339	1
1	0.738	0
5	0.686	0
1	0.966	0
2	0.668	0
5	0.06	1
5	0.419	1
1	0.275	1
4	0.171	1
3	0.58	1
1	0.246	0
3	0.33	1
5	0.487	0
3	0.888	0
4	0.251	1
1	0.046	1
1	0.474	1
4	0.711	1
1	0.532	1
2	0.477	1
4	0.101	1
2	0.176	0
4	0.758	1
5	0.152	1
3	0.787	1
1	0.969	0
3	0.012	1
3	0.32	1
2	0.751	1
3	0.833	0
2	0.76	0
2	0.818	1
4	0.828	0
4	0.856	0
5	0.915	1
2	0.612	1
2	0.386	1
2	0.662	1
4	0.283	1
1	0.363	1
3	0.776	0
1	0.706	1
2	0.455	1
3	0.376	1
1	0.086	1
5	0.222	1
4	0.537	1
3	0.137	1
4	0.454	0
4	0.074	1
1	0.977	0
4	0.899	1
1	0.608	0
3	0.459	1
2	0.47	1
2	0.526	0
1	0.902	1
2	0.185	1
4	0.073	1
1	0.38	1
3	0.098	1
4	0.959	0
2	0.566	0
1	0.693	0
5	0.206	0
1	0.899	0
3	0.798	0
2	0.273	1
2	0.571	0
4	0.885	0
1	0.674	1
4	0.571	1
5	0.037	1
1	0.134	1
4	0.038	1
3	0.459	1
4	0.342	0
4	0.51	1
3	0.995	0
2	0.405	1
1	0.583	0
3	0.812	1
1	0.104	1
4	0.122	1
5	0.465	1
4	0.51	1
3	0.377	1
5	0.777	1
4	0.395	0
3	0.387	1
5	0.599	0
2	0.371	0
5	0.277	0
3	0.162	1
3	0.272	1
3	0.319	0
3	0.782	0
1	0.015	1
4	0.302	1
5	0.978	0
1	0.389	1
1	0.79	0
5	0.247	1
2	0.84	0
3	0.063	1
3	0.271	1
5	0.453	0
4	0.646	1
5	0.631	0
3	0.374	1
4	0.424	0
2	0.213	0
5	0.276	1
5	0.288	1
1	0.501	0
3	0.795	0
3	0.129	1
2	0.281	1
1	0.014	1
3	0.875	0
1	0.417	0
1	0.058	1
2	0.703	0
2	0.093	1
3	0.378	1
4	0.034	1
1	0.777	0
1	0.677	1
5	0.562	0
3	0.327	1
1	0.0	1
3	0.497	1
3	0.356	1
4	0.97	0
2	0.544	1
4	0.449	0
1	0.799	0
4	0.413	1
3	0.082	1
2	0.893	0
4	0.905	0
4	0.188	1
3	0.053	1
4	0.025	1
5	0.999	1
3	0.388	1
1	0.536	1
1	0.373	0
2	0.375	0
2	0.061	1
2	0.487	0
2	0.28	1
2	0.19	1
1	0.143	1
4	0.302	1
5	0.797	0
5	0.006	1
2	0.09	1
3	0.601	1
1	0.199	1
3	0.956	1
3	0.22	1
4	0.559	0
5	0.112	1
3	0.606	1
5	0.159	1
1	0.332	0
1	0.331	0
4	0.127	1
5	0.175	1
4	0.373	1
1	0.178	1
3	0.784	0
1	0.649	0
1	0.315	1
1	0.015	1
1	0.61	1
4	0.682	0
5	0.986	0
2	0.674	0
1	0.051	1
1	0.941	0
1	0.565	0
1	0.71	1
1	0.643	0
2	0.375	1
2	0.253	0
4	0.916	1
1	0.786	0
1	0.17	1
3	0.329	1
4	0.528	0
3	0.301	1
4	0.605	1
1	0.645	0
5	0.293	0
1	0.37	1
3	0.302	1
3	0.706	1
5	0.375	1
5	0.372	0
5	0.054	1
1	0.416	1
5	0.212	1
2	0.984	0
1	0.888	0
1	0.857	0
4	0.7	0
5	0.861	1
3	0.059	1
2	0.568	0
3	0.982	0
5	0.815	0
4	0.32	1
5	0.484	1
4	0.485	0
2	0.305	1
4	0.935	0
4	0.558	0
2	0.866	0
2	0.327	1
3	0.438	0
3	0.941	1
4	0.747	1
5	0.464	1
4	0.384	1
5	0.975	0
4	0.713	0
1	0.979	0
2	0.958	0
1	0.116	1
2	0.007	1
4	0.954	1
3	0.39	1
5	0.258	1
3	0.724	1
3	0.231	1
2	0.234	1
2	0.546	1
2	0.038	1
1	0.808	0
3	0.311	1
1	0.843	1
2	0.128	1
1	0.214	0
2	0.375	1
5	0.585	1
2	0.453	0
5	0.137	1
4	0.94	0
1	0.813	0
5	0.521	1
3	0.066	1
3	0.348	1
4	0.389	1
5	0.597	1
5	0.284	0
5	0.867	0
5	0.682	0
2	0.622	0
2	0.375	1
5	0.948	1
5	0.504	0
2	0.835	1
5	0.197	1
2	0.643	1
2	0.988	0
3	0.617	0
3	0.506	0
4	0.257	1
5	0.506	0
1	0.828	1
4	0.346	1
5	0.13	1
3	0.868	0
5	0.96	0
5	0.407	1
1	0.042	1
3	0.528	1
4	0.705	0
2	0.038	1
5	0.343	0
2	0.423	1
5	0.035	1
1	0.801	0
2	0.903	0
3	0.446	0
5	0.441	0
5	0.566	1
4	0.549	1
4	0.93	0
3	0.778	1
2	0.237	1
4	0.509	1
3	0.747	0
4	0.636	0
3	0.304	1
3	0.809	1
1	0.825	0
1	0.723	1
5	0.884	0
3	0.546	0
2	0.253	0
1	0.189	0
3	0.514	1
3	0.993	0
1	0.167	0
2	0.774	0
4	0.59	0
2	0.277	1
3	0.288	1
1	0.935	0
5	0.702	1
2	0.631	1
4	0.704	1
3	0.409	1
5	0.864	1
4	0.326	1
2	0.384	1
5	0.906	0
5	0.961	0
5	0.185	0
4	0.8	0
1	0.779	0
4	0.088	0
1	0.262	1
4	0.536	1
3	0.454	1
1	0.247	1
4	0.411	1
4	0.101	1
1	0.907	0
5	0.585	1
5	0.133	1
2	0.345	1
3	0.277	1
2	0.05	1
3	0.576	0
5	0.002	1
1	0.406	1
1	0.358	1
2	0.539	0
1	0.702	0
3	0.469	0
5	0.892	0
3	0.601	0
1	0.969	0
3	0.42	0
4	0.525	1
2	0.063	1
5	0.25	1
3	0.104	1
2	0.663	0
5	0.849	0
1	0.55	0
3	0.039	1
3	0.569	0
3	0.997	0
3	0.47	1
5	0.473	1
5	0.362	1
2	0.59	0
2	0.901	1
1	0.462	1
3	0.156	0
4	0.958	1
5	0.019	1
3	0.526	0
2	0.433	1
2	0.346	0
1	0.853	0
3	0.223	1
4	0.879	1
2	0.165	1
4	0.935	0
4	0.96	0
5	0.712	0
3	0.09	1
2	0.244	1
4	0.527	1
4	0.04	1
1	0.194	1
4	0.58	1
2	0.301	1
5	0.018	1
5	0.306	0
5	0.089	1
4	0.417	0
2	0.273	0
4	0.196	1
4	0.42	1
5	0.623	1
5	0.414	1
3	0.512	0
5	0.473	1
4	0.733	0
1	0.726	0
3	0.165	1
1	0.264	0
4	0.243	1
2	0.387	0
3	0.75	0
2	0.697	1
5	0.729	0
2	0.854	1
1	0.488	0
3	0.896	1
5	0.607	1
1	0.66	1
2	0.078	1
3	0.507	1
3	0.404	1
5	0.614	0
5	0.742	0
3	0.997	0
1	0.907	0
5	0.276	1
1	0.318	0
4	0.544	0
2	0.375	0
2	0.793	1
4	0.498	1
3	0.617	0
5	0.353	0
4	0.532	0
3	0.811	1
1	0.658	0
4	0.845	1
3	0.632	1
1	0.994	0
1	0.181	1
4	0.592	0
3	0.451	1
2	0.17	1
4	0.708	0
5	0.082	1
2	0.582	1
1	0.581	0
4	0.858	0
5	0.602	1
1	0.087	1
3	0.246	1
1	0.802	1
4	0.459	1
2	0.317	1
2	0.111	1
2	0.325	0
4	0.913	0
4	0.834	0
1	0.874	1
3	0.836	1
3	0.742	1
3	0.522	1
4	0.462	0
5	0.901	0
2	0.661	1
1	0.109	1
2	0.22	1
1	0.421	1
1	0.534	1
5	0.077	1
4	0.912	1
3	0.778	0
3	0.346	0
3	0.43	1
5	0.58	1
1	0.527	0
2	0.084	1
4	0.858	0
2	0.768	0
4	0.747	0
2	0.097	1
5	0.331	1
3	0.373	1
1	0.417	1
5	0.014	1
2	0.209	1
3	0.948	0
4	0.445	1
5	0.225	1
1	0.258	0
1	0.169	1
5	0.587	0
2	0.12	1
4	0.308	1
1	0.077	1
5	0.253	1
3	0.513	1
5	0.313	1
1	0.713	0
4	0.126	1
4	0.856	1
1	0.78	1
5	0.169	1
5	0.684	0
2	0.104	1
4	0.62	0
2	0.273	1
4	0.9	0
5	0.378	1
5	0.86	0
3	0.13	1
1	0.685	0
1	0.69	1
5	0.849	1
4	0.342	0
5	0.661	0
1	0.466	0
1	0.449	0
1	0.194	1
3	0.77	1
2	0.059	1
5	0.483	0
3	0.961	0
3	0.441	1
5	0.171	1
4	0.692	0
2	0.022	1
2	0.332	1
4	0.653	0
5	0.734	1
1	0.598	1
2	0.005	1
5	0.321	1
2	0.324	1
1	0.654	1
3	0.074	1
3	0.636	1
5	0.518	1
3	0.755	0
2	0.071	1
2	0.718	1
3	0.344	0
2	0.124	1
3	0.523	1
3	0.542	1
2	0.985	0
1	0.844	0
5	0.646	0
4	0.363	1
3	0.146	0
5	0.734	0
2	0.619	0
3	0.952	0
5	0.492	0
2	0.907	0
4	0.411	0
1	0.676	0
4	0.773	0
2	0.117	1
2	0.25	1
5	0.45	0
3	0.228	1
1	0.36	1
3	0.718	0
3	0.209	1
5	0.552	1
2	0.065	1
3	0.665	0
5	0.129	1
3	0.503	0
2	0.951	0
5	0.804	1
5	0.568	0
3	0.749	1
5	0.689	0
3	0.831	0
3	0.021	1
1	0.228	1
3	0.066	1
4	0.268	0
2	0.117	1
3	0.49	0
1	0.095	1
5	0.25	1
5	0.813	0
1	0.128	1
5	0.264	0
5	0.166	1
5	0.415	1
1	0.64	1
4	0.394	0
5	0.892	1
5	0.15	1
4	0.08	1
3	0.445	1
1	0.44	1
4	0.876	1
2	0.285	0
4	0.193	1
4	0.076	1
5	0.808	0
3	0.744	0
1	0.121	1
1	0.759	0
2	0.525	0
4	0.217	0
4	0.854	1
2	0.461	1
5	0.202	1
1	0.497	1
1	0.835	1
2	0.695	1
4	0.969	0
3	0.527	0
2	0.664	0
3	0.481	0
4	0.585	0
2	0.792	0
2	0.676	0
1	0.243	1
3	0.264	0
5	0.657	0
4	0.28	1
2	0.032	1
2	0.082	1
3	0.632	1
3	0.56	1
5	0.532	1
5	0.322	1
4	0.613	0
5	0.042	1
2	0.768	0
1	0.513	1
5	0.271	1
2	0.791	1
1	0.261	1
1	0.098	1
2	0.945	0
2	0.084	1
3	0.339	1
3	0.228	1
1	0.409	1
1	0.218	0
5	0.757	0
2	0.783	0
2	0.571	1
2	0.793	1
2	0.67	0
3	0.63	1
1	0.666	0
4	0.367	1
4	0.813	1
1	0.642	1
3	0.774	1
2	0.764	0
5	0.936	0
2	0.553	0
2	0.998	0
4	0.227	1
3	0.459	1
5	0.844	0
4	0.137	1
2	0.357	0
4	0.497	1
1	0.184	1
4	0.442	1
1	0.001	1
2	0.009	1
3	0.448	0
5	0.318	0
3	0.725	0
2	0.569	1
3	0.254	1
2	0.601	0
5	0.93	1
5	0.825	0
1	0.36	0
3	0.328	0
5	0.298	1
4	0.071	0
5	0.395	0
4	0.609	1
1	0.04	1
2	0.179	0
1	0.401	0
1	0.765	0
4	0.586	1
3	0.547	0
5	0.075	1
1	0.115	1
1	0.932	1
2	0.9	0
3	0.622	1
1	0.867	1
1	0.884	1
4	0.491	0
1	0.527	1
3	0.437	0
5	0.664	0
4	0.604	1
3	0.609	1
1	0.143	1
3	0.319	0
2	0.229	1
2	0.169	0
2	0.802	0
5	0.096	1
3	0.907	0
1	0.582	0
2	0.003	1
2	0.069	1
1	0.075	1
3	0.235	1
1	0.295	1
4	0.108	1
4	0.583	1
2	0.16	1
2	0.875	0
3	0.08	1
4	0.689	0
4	0.858	0
5	0.597	0
4	0.528	1
2	0.035	1
2	0.883	0
1	0.568	1
2	0.262	1
3	0.679	0
5	0.007	1
5	0.829	0
2	0.256	0
2	0.66	0
4	0.757	0
3	0.741	1
1	0.747	1
4	0.583	1
5	0.994	0
1	0.974	0
4	0.974	1
5	0.061	1
3	0.346	1
1	0.489	1
2	0.373	0
3	0.918	0
5	0.636	0
2	0.168	1
2	0.9	0
5	0.506	0
1	0.186	1
1	0.119	1
2	0.447	0
2	0.68	1
1	0.96	0
5	0.3	0
1	0.757	0
2	0.009	1
4	0.323	1
5	0.406	1
5	0.272	1
1	0.256	1
3	0.348	1
4	0.162	1
5	0.813	1
5	0.86	1
1	0.723	1
5	0.963	0
1	0.837	0
1	0.137	1
2	0.676	0
3	0.83	0
1	0.09	1
1	0.202	1
5	0.808	1
2	0.766	0
4	0.239	1
2	0.84	1
3	0.022	1
3	0.156	1
5	0.302	1
3	0.699	0
2	0.955	0
2	0.181	0
3	0.191	1
2	0.322	1
2	0.997	0
3	0.177	1
3	0.428	1
4	0.599	1
3	0.22	0
1	0.623	1
5	0.254	0
2	0.24	1
1	0.36	1
4	0.757	0
3	0.478	1
3	0.451	0
3	0.383	0
1	0.924	0
3	0.672	0
5	0.461	0
5	0.994	0
1	0.88	0
1	0.032	1
5	0.018	1
3	0.074	1
4	0.888	1
5	0.529	1
3	0.599	1
3	0.307	1
3	0.363	0
3	0.207	1
5	0.551	0
4	0.582	0
1	0.07	1
3	0.698	1
1	0.492	0
2	0.301	1
5	0.328	1
1	0.482	1
1	0.929	1
1	0.182	1
4	0.495	0
1	0.552	1
2	0.099	1
5	0.651	0
2	0.823	0
3	0.969	1
4	0.093	1
4	0.425	0
3	0.543	0
4	0.354	1
4	0.946	0
3	0.215	1
2	0.568	0
3	0.294	1
3	0.712	0
4	0.818	1
1	0.057	1
5	0.285	1
4	0.754	0
1	0.208	1
2	0.259	1
2	0.07	1
2	0.298	0
4	0.781	0
4	0.195	1
2	0.865	0
1	0.998	0
1	0.283	1
1	0.446	1
1	0.296	1
2	0.483	1
1	0.657	1
2	0.543	0
4	0.974	0
3	0.107	0
3	0.429	0
3	0.44	0
4	0.941	0
5	0.97	0
3	0.967	0
3	0.578	1
4	0.971	0
3	0.803	0
3	0.924	0
1	0.705	0
2	0.033	1
5	0.394	0
3	0.498	0
2	0.107	1
2	0.382	0
3	0.657	0
4	0.205	1
4	0.255	0
4	0.669	0
2	0.437	1
4	0.043	1
3	0.381	0
4	0.856	0
1	0.368	1
2	0.585	0
3	0.553	1
3	0.861	0
5	0.094	1
1	0.829	0
1	0.003	1
4	0.176	1
4	0.963	0
5	0.473	1
5	0.663	1
2	0.963	0
1	0.869	0
2	0.175	0
5	0.218	0
3	0.091	1
2	0.843	0
3	0.119	1
1	0.788	0
2	0.566	0
4	0.579	0
3	0.28	1
3	0.281	0
1	0.021	1
2	0.802	0
3	0.598	0
1	0.42	0
1	0.885	0
5	0.303	0
1	0.233	1
4	0.722	0
2	0.553	1
2	0.74	1
4	0.324	0
3	0.895	0
4	0.86	1
1	0.678	0
3	0.617	1
2	0.516	1
2	0.735	1
3	0.463	1
4	0.376	1
5	0.922	0
4	0.708	1
5	0.857	0
1	0.35	1
3	0.562	1
4	0.152	1
2	0.889	1
3	0.986	0
3	0.778	0
1	0.578	0
1	0.787	1
1	0.09	1
2	0.942	0
3	0.998	0
5	0.496	0
4	0.683	1
4	0.032	1
4	0.094	1
1	0.11	1
2	0.718	0
1	0.652	0
3	0.966	1
1	0.809	0
2	0.128	1
4	0.959	0
2	0.126	1
1	0.089	1
3	0.915	1
2	0.743	1
4	0.519	1
1	0.358	1
2	0.59	1
4	0.439	1
4	0.388	1
4	0.19	1
2	0.902	0
1	0.7	0
1	0.795	0
5	0.893	0
5	0.008	1
3	0.464	1
2	0.502	1
1	0.06	1
4	0.208	0
5	0.571	1
5	0.942	0
3	0.835	0
2	0.62	0
5	0.781	0
5	0.863	1
5	0.352	1
2	0.969	0
4	0.538	0
2	0.447	1
4	0.984	1
3	0.963	0
1	0.689	0
3	0.146	1
3	0.026	1
5	0.377	1
3	0.442	1
4	0.011	1
2	0.656	0
5	0.96	1
1	0.926	0
5	0.5	1
5	0.655	1
3	0.581	0
5	0.79	1
4	0.367	0
4	0.387	1
2	0.131	1
4	0.127	1
5	0.938	0
2	0.014	1
1	0.781	1
4	0.999	0
3	0.557	1
2	0.432	1
3	0.843	0
5	0.391	1
2	0.197	1
4	0.488	0
3	0.067	1
3	0.148	1
1	0.362	1
2	0.571	1
2	0.788	1
3	0.539	1
4	0.009	1
2	0.024	1
2	0.903	1
2	0.356	1
3	0.154	1
2	0.92	1
5	0.731	0
3	0.38	0
2	0.569	1
1	0.876	0
1	0.702	1
2	0.669	0
1	0.173	1
5	0.056	1
2	0.175	1
5	0.096	1
1	0.468	1
5	0.462	1
2	0.415	1
2	0.533	0
4	0.565	1
5	0.147	1
5	0.112	1
3	0.69	0
2	0.707	0
3	0.619	1
3	0.684	1
2	0.196	1
4	0.828	1
1	0.489	0
3	0.903	0
3	0.464	1
1	0.112	1
2	0.416	1
2	0.155	1
4	0.603	0
1	0.23	1
1	0.154	0
5	0.151	1
3	0.815	0
3	0.278	1
5	0.681	0
3	0.777	1
4	0.743	0
4	0.157	1
2	0.311	1
3	0.026	1
1	0.962	0
3	0.861	0
4	0.807	0
5	0.83	1
3	0.94	1
1	0.782	0
4	0.656	0
1	0.513	0
3	0.327	1
5	0.315	1
1	0.065	1
4	0.145	1
4	0.61	1
1	0.671	0
2	0.987	0
2	0.142	1
5	0.113	1
3	0.219	0
2	0.223	1
3	0.751	1
1	0.372	0
5	0.956	0
2	0.597	0
1	0.034	1
4	0.963	0
3	0.492	1
1	0.647	0
1	0.469	1
4	0.527	0
4	0.914	1
4	0.695	0
4	0.762	0
2	0.751	0
3	0.473	1
2	0.505	1
3	0.651	1
4	0.806	1
2	0.402	1
5	0.469	0
5	0.533	1
5	0.991	0
5	0.321	0
3	0.966	0
3	0.975	0
1	0.183	1
3	0.312	1
4	0.938	1
5	0.43	1
2	0.646	0
3	0.36	0
1	0.157	1
3	0.81	0
4	0.241	1
3	0.765	1
2	0.513	1
5	0.228	1
2	0.724	0
1	0.644	1
5	0.25	1
4	0.856	0
2	0.23	1
2	0.272	0
1	0.625	0
5	0.742	1
3	0.931	0
3	0.962	0
3	0.956	0
1	0.086	1
2	0.404	1
2	0.768	0
4	0.184	1
2	0.387	0
5	0.11	1
3	0.852	0
1	0.3	1
5	0.1	1
4	0.746	0
2	0.293	0
1	0.582	1
3	0.817	0
1	0.926	0
1	0.743	0
4	0.873	0
5	0.945	0
2	0.837	0
3	0.671	1
5	0.119	1
2	0.654	1
3	0.085	1
5	0.207	1
5	0.902	0
5	0.288	1
5	0.115	1
3	0.03	1
2	0.168	1
4	0.172	0
5	0.378	1
4	0.689	1
5	0.924	0
4	0.416	1
3	0.399	0
4	0.625	0
3	0.48	1
4	0.94	0
2	0.581	0
4	0.467	0
2	0.073	1
2	0.086	1
2	0.602	1
1	0.895	0
5	0.727	0
4	0.57	1
1	0.688	0
2	0.245	1
5	0.177	1
3	0.232	1
1	0.064	0
1	0.994	1
1	0.439	1
4	0.024	1
4	0.413	1
2	0.012	1
5	0.005	1
2	0.449	1
5	0.604	0
2	0.292	1
2	0.322	1
5	0.255	1
4	0.324	1
1	0.455	1
2	0.515	0
3	0.709	1
4	0.762	1
5	0.943	0
5	0.378	1
3	0.836	0
4	0.787	0
1	0.174	1
2	0.156	1
4	0.697	1
1	0.071	1
3	0.102	1
3	0.746	0
2	0.594	1
5	0.487	1
1	0.115	1
5	0.842	1
1	0.557	1
4	0.977	1
2	0.352	0
2	0.817	0
3	0.591	0
1	0.954	0
3	0.094	1
5	0.418	1
5	0.115	1
3	0.491	0
2	0.109	1
5	0.073	1
3	0.846	0
2	0.232	0
4	0.227	1
1	0.223	1
3	0.945	1
5	0.518	1
5	0.57	0
4	0.402	0
2	0.88	1
5	0.856	0
1	0.057	0
5	0.667	0
2	0.652	0
3	0.12	1
5	0.009	1
3	0.264	1
3	0.454	1
5	0.009	1
5	0.38	0
5	0.638	1
4	0.39	1
4	0.053	1
3	0.955	0
2	0.218	0
2	0.87	0
1	0.571	1
3	0.475	1
5	0.213	1
2	0.31	0
5	0.322	1
2	0.448	1
4	0.887	1
2	0.521	1
2	0.246	1
4	0.892	0
1	0.359	0
1	0.359	1
1	0.278	1
5	0.602	0
2	0.297	0
2	0.689	0
1	0.743	0
2	0.485	0
1	0.916	0
1	0.721	0
4	0.009	1
3	0.04	1
4	0.343	0
3	0.943	0
3	0.395	0
5	0.883	0
2	0.226	1
3	0.97	0
5	0.151	1
2	0.321	1
4	0.722	0
2	0.975	0
1	0.832	0
2	0.204	1
5	0.761	1
3	0.675	0
4	0.178	1
3	0.332	1
5	0.659	1
1	0.456	1
1	0.407	1
2	0.193	1
3	0.28	1
1	0.16	0
3	0.74	0
3	0.614	0
4	0.151	1
5	0.322	1
5	0.642	0
1	0.537	1
5	0.861	0
1	0.741	1
1	0.594	1
4	0.83	0
4	0.926	0
2	0.762	1
2	0.03	1
3	0.809	0
5	0.168	1
4	0.16	0
1	0.627	1
1	0.357	1
5	0.533	0
5	0.989	0
4	0.054	1
5	0.219	1
4	0.999	0
3	0.37	1
5	0.885	1
2	0.75	1
2	0.187	1
5	0.325	0
3	0.326	0
2	0.475	1
2	0.557	0
4	0.656	0
1	0.634	1
1	0.253	1
4	0.474	1
3	0.94	0
5	0.172	1
4	0.098	1
4	0.433	0
2	0.708	0
3	0.059	1
3	0.234	1
2	0.972	1
5	0.652	1
3	0.588	0
4	0.491	1
2	0.924	0
4	0.354	1
3	0.694	1
5	0.218	0
5	0.707	0
4	0.996	0
2	0.272	1
5	0.526	0
1	0.952	0
3	0.062	1
1	0.696	1
5	0.124	0
5	0.211	1
2	0.386	1
4	0.704	0
2	0.194	1
4	0.487	1
2	0.053	1
4	0.376	1
4	0.991	0
3	0.54	0
3	0.126	1
1	0.886	0
2	0.334	1
5	0.905	0
4	0.434	0
4	0.135	1
1	0.637	0
1	0.863	0
1	0.189	1
4	0.131	1
1	0.92	0
4	0.016	1
1	0.323	1
3	0.833	0
3	0.74	0
5	0.326	1
3	0.084	1
5	0.424	1
4	0.779	0
5	0.86	1
4	0.232	0
2	0.368	0
1	0.641	1
4	0.571	1
3	0.232	0
2	0.243	1
4	0.702	1
1	0.01	1
5	0.904	1
5	0.446	0
2	0.702	1
2	0.469	1
2	0.234	1
2	0.868	1
2	0.061	1
4	0.516	1
1	0.219	1
1	0.392	1
5	0.575	0
1	0.753	0
5	0.321	0
2	0.289	0
3	0.126	1
4	0.868	0
5	0.758	1
4	0.132	1
5	0.763	1
3	0.358	1
5	0.649	1
3	0.82	0
1	0.03	1
4	0.026	1
5	0.43	1
1	0.735	0
2	0.116	1
5	0.363	0
5	0.768	0
5	0.092	1
4	0.09	1
4	0.785	1
5	0.325	1
2	0.786	0
4	0.724	1
2	0.521	0
5	0.23	1
1	0.56	0
3	0.801	0
4	0.861	0
1	0.424	1
2	0.563	0
3	0.468	1
3	0.902	0
1	0.682	1
1	0.804	1
2	0.057	1
5	0.928	1
5	0.756	0
4	0.81	0
2	0.615	1
2	0.237	1
3	0.092	1
4	0.242	1
2	0.259	1
5	0.396	1
5	0.129	0
5	0.984	1
5	0.811	0
2	0.179	1
2	0.894	0
4	0.738	0
2	0.444	0
1	0.516	0
4	0.772	0
4	0.264	0
1	0.908	0
3	0.954	0
2	0.421	0
2	0.259	1
4	0.091	1
2	0.4	1
1	0.449	1
3	0.791	1
2	0.793	0
3	0.918	0
1	0.573	0
2	0.56	0
5	0.508	1
5	0.267	1
1	0.551	1
4	0.52	1
4	0.925	0
2	0.962	0
4	0.968	0
1	0.216	1
5	0.305	1
4	0.029	1
4	0.131	0
2	0.899	0
1	0.266	1
3	0.667	1
2	0.979	0
3	0.829	0
2	0.788	1
5	0.906	0
5	0.961	0
3	0.572	0
1	0.811	0
3	0.819	0
3	0.558	1
1	0.055	1
4	0.844	0
2	0.006	1
5	0.882	0
1	0.317	0
3	0.291	0
5	0.815	1
4	0.15	1
2	0.251	0
5	0.729	0
1	0.096	1
5	0.501	1
5	0.362	1
5	0.792	0
4	0.018	1
5	0.209	1
5	0.581	0
2	0.82	1
2	0.517	0
3	0.128	1
5	0.572	0
5	0.567	0
1	0.697	0
5	0.095	1
2	0.8	0
5	0.458	1
5	0.583	1
5	0.966	1
4	0.309	1
5	0.603	1
1	0.919	0
1	0.147	1
2	0.67	0
2	0.092	1
4	0.981	0
4	0.525	0
3	0.952	0
4	0.085	1
1	0.148	1
1	0.85	0
3	0.3	1
3	0.064	1
3	0.076	1
5	0.652	1
5	0.141	1
2	0.299	1
4	0.076	1
5	0.162	1
3	0.399	1
1	0.522	0
5	0.372	1
1	0.485	1
1	0.795	0
2	0.724	0
1	0.734	1
4	0.955	0
1	0.186	1
1	0.658	1
1	0.621	0
2	0.568	1
1	0.749	0
4	0.174	1
2	0.572	0
2	0.577	0
5	0.114	0
2	0.315	1
1	0.285	1
5	0.088	1
3	0.844	0
1	0.871	0
2	0.274	0
3	0.396	0
3	0.469	0
4	0.897	0
1	0.945	0
5	0.888	0
4	0.028	1
3	0.877	0
1	0.446	1
3	0.63	0
3	0.539	0
3	0.832	1
1	0.962	1
3	0.889	0
4	0.891	0
1	0.123	1
2	0.404	0
1	0.533	0
3	0.972	0
2	0.089	1
2	0.877	0
2	0.19	0
5	0.627	0
2	0.226	1
1	0.35	1
3	0.127	1
3	0.947	1
4	0.042	1
4	0.902	0
5	0.573	1
2	0.571	0
5	0.83	0
2	0.561	1
5	0.931	0
4	0.24	1
5	0.137	1
3	0.199	1
3	0.527	1
2	0.413	1
3	0.478	1
5	0.746	1
3	0.981	0
2	0.563	0
3	0.049	1
5	0.748	0
5	0.493	0
3	0.163	1
2	0.071	1
5	0.73	0
1	0.054	1
3	0.83	0
4	0.048	1
1	0.826	1
4	0.003	1
2	0.808	0
3	0.175	1
4	0.697	0
4	0.626	1
2	0.275	1
4	0.665	1
3	0.085	1
5	0.068	1
2	0.501	1
3	0.537	1
1	0.558	0
5	0.379	1
4	0.694	0
4	0.977	0
1	0.386	1
5	0.816	0
3	0.959	0
2	0.875	0
1	0.771	1
2	0.566	1
2	0.442	1
2	0.184	1
4	0.817	1
4	0.219	1
2	0.282	1
4	0.255	1
2	0.829	0
4	0.352	0
4	0.62	0
4	0.283	1
1	0.153	1
5	0.566	1
4	0.736	0
4	0.942	0
4	0.98	0
2	0.92	1
2	0.362	1
3	0.311	0
1	0.374	1
1	0.359	0
5	0.5	1
2	0.733	0
3	0.693	1
1	0.749	0
3	0.166	1
3	0.696	1
5	0.843	0
2	0.936	0
2	0.926	0
5	0.532	1
3	0.692	0
5	0.564	1
3	0.359	1
1	0.187	1
1	0.285	0
4	0.241	1
5	0.996	0
3	0.69	0
2	0.382	1
5	0.298	0
5	0.085	1
5	0.879	0
1	0.058	1
3	0.294	1
3	0.771	0
1	0.26	1
2	0.723	0
1	0.95	0
3	0.786	0
4	0.885	1
1	0.507	0
4	0.316	1
4	0.854	0
2	0.732	1
5	0.09	0
1	0.136	1
1	0.54	1
5	0.803	1
5	0.276	0
2	0.553	1
3	0.542	1
3	0.856	0
2	0.533	1
3	0.701	1
1	0.055	1
2	0.113	1
5	0.522	0
3	0.903	0
3	0.258	1
2	0.028	1
2	0.099	1
4	0.248	1
1	0.947	0
3	0.082	1
2	0.883	0
4	0.441	1
5	0.916	0
3	0.247	1
4	0.849	0
4	0.182	1
4	0.288	1
2	0.683	1
1	0.318	0
3	0.16	1
2	0.413	1
5	0.2	1
1	0.548	1
5	0.586	1
3	0.075	1
5	0.896	1
5	0.664	0
3	0.663	0
5	0.94	0
1	0.748	0
4	0.395	1
4	0.866	0
1	0.136	1
4	0.062	1
1	0.496	0
1	0.437	0
5	0.578	0
2	0.6	0
1	0.15	1
4	0.994	0
3	0.318	1
4	0.365	1
3	0.779	0
5	0.219	1
5	0.295	1
4	0.444	1
4	0.92	0
3	0.179	1
5	0.573	0
1	0.946	0
1	0.735	0
4	0.048	1
1	0.388	0
5	0.907	0
5	0.713	1
3	0.444	1
3	0.221	1
4	0.209	0
2	0.172	1
2	0.619	1
1	0.247	1
2	0.211	1
4	0.306	1
2	0.034	1
5	0.479	1
3	0.489	1
1	0.161	1
2	0.647	1
4	0.99	0
2	0.404	1
1	0.787	1
3	0.18	0
1	0.003	1
4	0.15	1
1	0.583	0
3	0.597	1
1	0.846	0
5	0.177	1
1	0.741	1
3	0.011	1
4	0.758	1
2	0.194	0
4	0.921	0
2	0.318	1
2	0.086	1
5	0.251	1
5	0.503	1
5	0.601	1
3	0.474	1
4	0.343	1
5	0.642	1
4	0.578	0
4	0.752	1
5	0.76	0
2	0.952	0
1	0.535	1
5	0.054	0
5	0.884	1
1	0.879	0
1	0.61	0
1	0.41	1
1	0.643	0
5	0.096	0
5	0.256	0
1	0.359	1
5	0.007	1
1	0.43	1
5	0.644	0
3	0.168	0
4	0.882	0
1	0.957	0
2	0.511	0
2	0.296	1
4	0.881	0
3	0.498	1
2	0.39	1
5	0.451	1
4	0.319	1
3	0.034	1
1	0.102	1
5	0.417	0
4	0.166	1
4	0.319	1
5	0.342	1
3	0.267	1
2	0.717	1
2	0.122	1
4	0.726	0
2	0.34	0
1	0.583	1
3	0.222	1
3	0.435	0
4	0.064	1
3	0.968	0
3	0.404	1
3	0.486	0
5	0.141	1
2	0.852	1
5	0.073	1
5	0.116	1
5	0.431	1
2	0.645	0
2	0.24	1
1	0.894	0
5	0.311	1
1	0.134	1
4	0.084	1
1	0.893	0
5	0.871	0
3	0.287	1
2	0.76	0
4	0.075	1
3	0.109	1
1	0.728	0
3	0.137	1
3	0.239	1
2	0.177	1
5	0.512	0
4	0.682	1
5	0.29	1
1	0.898	0
4	0.65	1
3	0.239	1
2	0.005	1
2	0.673	1
2	0.437	1
2	0.198	1
4	0.319	0
1	0.101	1
3	0.717	0
5	0.644	1
4	0.736	0
2	0.699	1
4	0.45	0
1	0.31	1
1	0.319	1
2	0.622	0
5	0.595	1
4	0.87	0
4	0.67	0
3	0.371	1
3	0.845	1
5	0.345	1
1	0.261	1
5	0.322	1
1	0.222	1
3	0.805	1
5	0.517	0
1	0.08	1
4	0.564	0
5	0.711	0
1	0.444	1
3	0.823	0
3	0.318	1
3	0.355	1
3	0.901	0
3	0.863	0
1	0.594	1
2	0.506	1
3	0.103	1
3	0.348	1
3	0.828	1
4	0.621	1
1	0.987	0
2	0.088	1
3	0.339	0
4	0.674	0
3	0.59	0
2	0.715	1
4	0.733	0
2	0.908	0
5	0.135	1
5	0.33	0
4	0.79	0
4	0.244	0
1	0.317	1
3	0.717	0
4	0.322	0
3	0.11	1
4	0.616	1
5	0.774	1
5	0.339	1
5	0.646	0
3	0.06	1
4	0.559	1
4	0.261	1
1	0.157	1
3	0.223	1
3	0.675	1
4	0.777	0
2	0.452	1
5	0.075	1
3	0.79	0
1	0.051	1
4	0.612	0
4	0.921	0
3	0.174	1
1	0.746	1
1	0.196	1
4	0.676	1
1	0.121	1
2	0.443	0
5	0.3	1
5	0.11	1
5	0.576	1
1	0.618	1
2	0.987	0
2	0.574	1
5	0.065	1
5	0.715	0
1	0.043	1
1	0.394	0
5	0.345	1
5	0.025	1
2	0.834	0
2	0.931	1
5	0.913	0
4	0.636	0
3	0.015	1
4	0.291	1
1	0.304	1
2	0.636	1
2	0.389	1
4	0.474	0
4	0.211	1
5	0.643	0
5	0.266	1
3	0.076	1
3	0.851	1
4	0.908	0
3	0.477	1
1	0.798	0
4	0.776	1
4	0.35	1
3	0.427	0
5	0.848	0
3	0.822	0
1	0.759	1
5	0.789	0
1	0.854	0
2	0.837	0
5	0.691	0
2	0.839	1
4	0.344	0
4	0.271	1
2	0.469	0
2	0.557	1
4	0.697	0
3	0.75	1
2	0.219	1
3	0.984	0
1	0.719	1
5	0.342	0
2	0.544	1
1	0.049	1
2	0.048	1
5	0.919	0
5	0.447	0
3	0.516	1
1	0.975	0
1	0.878	0
1	0.94	0
5	0.017	1
1	0.273	0
1	0.498	1
1	0.165	1
3	0.384	0
5	0.544	0
3	0.38	0
4	0.515	0
3	0.622	1
2	0.864	1
5	0.316	0
5	0.227	0
4	0.891	0
2	0.212	0
4	0.536	1
3	0.788	0
4	0.54	0
3	0.38	1
2	0.66	0
1	0.42	0
1	0.932	1
2	0.985	0
3	0.762	0
1	0.189	1
5	0.93	0
5	0.171	1
3	0.513	0
5	0.792	1
5	0.652	0
5	0.054	1
1	0.256	1
1	0.442	1
2	0.924	1
3	0.063	1
1	0.868	0
5	0.991	0
3	0.977	0
1	0.025	1
3	0.041	1
3	0.009	1
3	0.997	0
1	0.453	1
4	0.54	0
2	0.869	0
5	0.684	0
1	0.078	1
5	0.445	1
5	0.808	1
2	0.412	1
5	0.352	1
5	0.599	1
3	0.141	1
4	0.746	1
1	0.716	0
5	0.317	1
1	0.25	1
3	0.566	0
2	0.741	0
1	0.763	0
5	0.226	1
2	0.986	0
5	0.051	1
4	0.521	1
3	0.197	0
3	0.952	0
4	0.303	1
3	0.07	1
1	0.709	1
4	0.789	1
3	0.457	1
5	0.499	1
3	0.412	0
3	0.913	0
3	0.455	1
2	0.533	1
2	0.251	1
2	0.062	1
2	0.127	1
3	0.604	0
3	0.723	1
5	0.473	0
2	0.066	1
2	0.55	1
3	0.957	0
1	0.684	0
1	0.49	0
5	0.194	1
3	0.131	1
4	0.795	1
2	0.401	1
3	0.359	1
4	0.304	1
2	0.411	1
5	0.825	0
2	0.417	0
3	0.129	1
3	0.05	0
1	0.217	1
2	0.918	0
1	0.678	1
5	0.545	0
1	0.61	1
5	0.515	1
3	0.952	0
2	0.593	0
4	0.571	1
3	0.481	1
5	0.932	0
2	0.231	0
3	0.952	0
2	0.58	0
1	0.252	1
3	0.788	0
4	0.888	0
2	0.278	1
1	0.389	1
3	0.917	0
4	0.188	1
5	0.833	0
2	0.887	1
3	0.363	1
4	0.139	0
2	0.641	0
1	0.167	1
5	0.441	0
4	0.169	1
1	0.786	0
3	0.621	1
5	0.459	0
2	0.944	0
5	0.07	0
5	0.879	0
5	0.195	0
4	0.622	1
3	0.874	1
3	0.098	1
5	0.067	1
1	0.529	1
1	0.343	1
3	0.355	1
4	0.627	0
1	0.749	1
3	0.625	0
3	0.937	0
1	0.671	1
2	0.696	0
1	0.31	1
2	0.877	0
1	0.597	1
3	0.001	1
4	0.186	1
3	0.218	1
4	0.575	1
1	0.575	0
5	0.926	1
1	0.996	0
3	0.501	0
5	0.661	0
4	0.973	0
2	0.926	1
1	0.43	0
4	0.057	1
2	0.074	1
1	0.463	1
1	0.456	0
2	0.904	0
2	0.197	1
3	0.139	0
2	0.73	1
4	0.481	1
1	0.924	0
5	0.361	0
4	0.612	0
2	0.485	0
4	0.916	0
2	0.495	1
4	0.912	0
1	0.965	0
4	0.078	1
3	0.527	1
5	0.757	1
2	0.223	1
5	0.004	1
5	0.203	0
1	0.113	1
1	0.036	1
1	0.414	1
4	0.249	1
2	0.675	1
1	0.59	1
4	0.287	0
3	0.941	0
1	0.292	0
1	0.029	1
5	0.116	1
5	0.331	1
4	0.615	0
4	0.872	0
4	0.771	0
4	0.562	0
1	0.319	1
2	0.448	1
3	0.508	1
3	0.405	0
2	0.204	1
1	0.858	0
5	0.206	0
2	0.814	0
1	0.467	0
1	0.172	1
2	0.719	0
4	0.776	1
1	0.879	0
3	0.378	1
3	0.917	0
3	0.761	1
1	0.771	0
5	0.833	1
3	0.953	0
3	0.469	1
5	0.48	1
3	0.84	0
2	0.819	0
3	0.226	0
5	0.171	1
4	0.017	1
4	0.851	0
3	0.869	0
4	0.57	0
2	0.774	1
4	0.875	0
5	0.615	0
2	0.623	1
3	0.139	1
2	0.238	1
2	0.538	1
5	0.642	0
1	0.229	1
3	0.767	0
4	0.845	1
1	0.742	0
1	0.645	0
5	0.622	1
2	0.696	0
5	0.536	0
1	0.375	1
4	0.283	1
4	0.144	1
2	0.591	1
2	0.886	0
3	0.311	1
3	0.064	1
3	0.439	0
1	0.782	1
4	0.181	1
5	0.956	0
3	0.195	1
2	0.879	0
2	0.487	0
4	0.471	0
3	0.644	0
2	0.743	1
4	0.13	1
3	0.265	1
2	0.438	0
4	0.898	0
5	0.117	1
5	0.934	0
1	0.991	0
4	0.159	1
5	0.432	1
2	0.741	1
1	0.404	1
5	0.935	0
1	0.918	0
4	0.826	1
1	0.464	1
4	0.679	0
5	0.324	0
2	0.7	0
3	0.885	0
5	0.544	0
3	0.853	1
1	0.725	1
1	0.944	0
2	0.042	1
2	0.905	0
3	0.463	1
5	0.027	1
3	0.009	1
2	0.247	1
3	0.796	1
4	0.308	1
1	0.322	1
5	0.257	0
4	0.137	1
1	0.447	0
2	0.592	0
5	0.501	1
5	0.897	0
2	0.402	0
4	0.956	0
2	0.064	1
1	0.965	0
2	0.629	1
4	0.893	1
1	0.205	1
5	0.374	0
5	0.911	1
4	0.418	1
3	0.725	0
2	0.875	0
2	0.155	1
4	0.004	1
1	0.269	1
4	0.553	0
1	0.476	0
2	0.725	1
4	0.383	1
5	0.682	1
4	0.425	0
4	0.976	0
1	0.132	1
2	0.15	1
3	0.529	1
3	0.923	0
2	0.035	1
2	0.132	1
3	0.418	1
4	0.624	1
2	0.854	1
2	0.828	1
1	0.461	0
1	0.902	0
4	0.755	0
3	0.768	0
5	0.477	1
5	0.693	0
2	0.164	1
5	0.587	0
4	0.238	0
4	0.508	1
4	0.115	1
2	0.094	1
2	0.92	1
1	0.766	1
2	0.58	0
1	0.043	1
2	0.131	1
3	0.144	1
3	0.186	0
1	0.613	0
4	0.808	0
3	0.107	1
4	0.8	0
4	0.35	0
5	0.372	1
5	0.307	1
5	0.805	0
4	0.801	0
3	0.935	0
3	0.493	1
5	0.646	0
5	0.402	1
3	0.376	1
2	0.857	1
5	0.856	0
2	0.626	1
1	0.397	1
5	0.754	0
1	0.865	0
2	0.553	1
4	0.506	0
1	0.763	0
5	0.869	0
1	0.944	0
5	0.013	1
5	0.738	0
1	0.883	1
5	0.617	1
3	0.904	1
1	0.845	0
3	0.054	1
1	0.951	1
4	0.648	0
2	0.6	1
2	0.953	0
2	0.657	0
5	0.45	1
5	0.75	1
3	0.469	1
1	0.602	1
2	0.647	1
3	0.757	0
1	0.097	1
1	0.708	0
1	0.585	1
5	0.007	1
1	0.786	1
4	0.47	1
5	0.388	0
4	0.131	1
1	0.497	1
1	0.777	0
3	0.244	1
3	0.887	0
2	0.322	1
2	0.551	0
4	0.61	1
5	0.096	1
2	0.593	0
4	0.137	1
2	0.151	1
2	0.598	0
4	0.332	1
4	0.567	0
4	0.15	1
4	0.215	1
4	0.138	0
4	0.754	0
5	0.634	1
5	0.3	0
2	0.557	0
1	0.627	0
5	0.459	1
2	0.154	1
3	0.335	0
2	0.417	1
5	0.439	0
4	0.243	1
5	0.059	0
1	0.211	1
2	0.86	1
3	0.708	0
4	0.621	1
2	0.944	0
4	0.377	1
1	0.273	0
1	0.607	0
5	0.616	1
4	0.851	0
5	0.888	1
5	0.927	0
1	0.182	1
2	0.518	1
2	0.259	1
2	0.974	0
5	0.38	1
4	0.998	1
5	0.283	0
5	0.325	0
1	0.461	1
3	0.089	1
2	0.234	1
4	0.887	0
5	0.196	1
5	0.794	0
3	0.88	1
1	0.493	1
2	0.098	1
1	0.58	0
5	0.538	0
4	0.891	1
4	0.567	0
5	0.611	0
1	0.793	0
1	0.999	0
4	0.165	1
3	0.958	1
4	0.624	0
4	0.203	1
2	0.645	1
5	0.568	1
4	0.582	1
5	0.838	1
1	0.247	1
5	0.361	0
3	0.615	0
2	0.939	0
4	0.504	1
5	0.007	1
5	0.158	1
1	0.22	1
3	0.571	1
4	0.911	0
5	0.545	0
5	0.132	1
1	0.308	1
1	0.477	0
2	0.549	1
5	0.472	1
1	0.896	0
1	0.965	0
3	0.048	1
4	0.23	1
1	0.055	1
5	0.803	1
2	0.574	0
5	0.766	0
4	0.192	0
4	0.579	1
3	0.286	1
2	0.055	1
5	0.235	1
2	0.342	1
1	0.028	1
3	0.359	0
4	0.591	1
3	0.858	1
3	0.766	0
4	0.765	0
3	0.176	0
4	0.796	1
1	0.254	0
2	0.931	0
2	0.083	1
3	0.307	1
4	0.35	1
1	0.432	1
4	0.397	1
3	0.448	1
1	0.56	1
2	0.907	0
4	0.622	0
1	0.523	0
5	0.255	1
5	0.922	0
2	0.808	0
3	0.936	1
1	0.476	1
4	0.373	1
2	0.367	1
5	0.594	0
4	0.885	1
4	0.194	1
5	0.171	0
5	0.314	1
3	0.206	1
4	0.142	0
5	0.666	0
1	0.126	1
5	0.201	1
3	0.143	1
1	0.351	1
3	0.928	1
1	0.332	0
2	0.522	0
4	0.253	1
3	0.663	0
2	0.804	0
1	0.574	0
1	0.562	0
1	0.316	1
4	0.351	1
1	0.211	1
3	0.543	0
5	0.819	1
3	0.408	0
1	0.19	1
3	0.917	0
3	0.255	1
3	0.608	0
2	0.194	1
1	0.605	1
3	0.913	0
5	0.151	1
3	0.177	1
2	0.055	1
4	0.385	0
3	0.332	1
2	0.06	1
1	0.054	1
1	0.9	1
3	0.401	1
3	0.591	1
3	0.718	0
5	0.889	0
4	0.779	0
1	0.394	1
5	0.51	0
2	0.547	0
4	0.931	1
1	0.156	0
3	0.746	0
3	0.26	1
3	0.462	1
2	0.257	1
2	0.825	0
2	0.637	1
4	0.679	0
5	0.291	1
1	0.783	1
1	0.068	1
5	0.297	1
3	0.934	0
5	0.025	1
5	0.519	0
1	0.099	1
5	0.775	1
3	0.591	1
2	0.292	1
3	0.99	0
2	0.734	1
5	0.949	0
1	0.389	0
2	0.036	1
5	0.287	1
5	0.882	0
4	0.924	0
1	0.447	0
2	0.38	0
4	0.267	1
3	0.802	0
1	0.004	1
1	0.005	1
5	0.929	0
5	0.396	1
5	0.437	0
3	0.724	1
2	0.4	1
2	0.13	1
3	0.053	1
3	0.21	1
2	0.574	1
5	0.733	0
4	0.033	1
2	0.728	1
5	0.42	0
1	0.554	1
4	0.386	0
5	0.912	0
1	0.44	0
5	0.59	0
1	0.698	1
2	0.724	0
3	0.901	0
1	0.015	1
2	0.221	1
3	0.395	1
2	0.332	1
1	0.969	0
2	0.146	1
1	0.386	1
4	0.421	0
2	0.012	1
3	0.689	0
1	0.873	1
5	0.925	0
1	0.228	1
3	0.912	0
3	0.428	1
5	0.395	1
5	0.151	0
1	0.62	0
2	0.52	0
5	0.671	0
2	0.366	1
2	0.049	1
4	0.564	1
1	0.798	1
1	0.848	0
2	0.197	1
5	0.235	0
3	0.979	0
1	0.327	1
2	0.077	1
2	0.977	0
2	0.636	1
1	0.135	0
1	0.21	1
3	0.782	0
5	0.277	0
5	0.283	1
2	0.092	1
2	0.006	1
2	0.68	0
1	0.899	0
3	0.046	1
2	0.29	1
4	0.995	0
2	0.141	1
1	0.683	1
3	0.006	1
3	0.799	0
2	0.271	1
5	0.029	1
5	0.899	0
5	0.889	0
4	0.304	0
2	0.401	1
3	0.512	1
2	0.782	0
1	0.989	0
3	0.617	1
5	0.77	0
4	0.823	0
1	0.544	0
1	0.95	0
3	0.961	0
5	0.311	1
4	0.183	1
1	0.25	1
3	0.001	1
4	0.205	1
3	0.094	1
4	0.117	1
2	0.292	1
5	0.094	1
1	0.78	1
4	0.646	0
4	0.283	1
1	0.072	1
5	0.983	0
4	0.243	1
4	0.456	1
4	0.192	1
4	0.531	1
5	0.396	1
2	0.994	0
4	0.785	1
4	0.001	1
1	0.488	0
2	0.783	0
2	0.261	1
3	0.168	1
5	0.422	1
1	0.49	0
2	0.731	0
3	0.203	1
4	0.401	1
4	0.562	0
3	0.233	1
2	0.805	0
1	0.269	1
4	0.87	0
5	0.53	0
1	0.505	0
5	0.161	1
2	0.172	0
5	0.914	0
3	0.936	1
2	0.896	0
1	0.823	1
5	0.251	0
2	0.854	1
3	0.723	0
1	0.19	1
5	0.723	0
2	0.282	1
3	0.545	0
2	0.413	0
1	0.79	0
3	0.818	0
1	0.162	0
1	0.417	0
3	0.928	0
3	0.801	0
3	0.452	0
4	0.945	0
1	0.397	1
5	0.411	1
1	0.659	1
4	0.412	0
2	0.317	1
1	0.201	1
2	0.687	0
5	0.154	1
4	0.651	0
3	0.531	0
2	0.568	1
3	0.028	1
5	0.487	0
4	0.175	1
3	0.062	1
3	0.029	1
4	0.83	0
4	0.66	1
2	0.05	1
2	0.854	0
4	0.248	1
2	0.876	0
2	0.225	1
4	0.437	1
2	0.599	1
4	0.82	0
1	0.736	0
2	0.197	1
3	0.778	0
1	0.453	0
5	0.434	1
3	0.691	0
3	0.085	1
4	0.394	1
3	0.369	0
2	0.877	0
5	0.136	1
1	0.384	1
1	0.832	0
5	0.345	1
5	0.729	0
4	0.723	1
4	0.349	1
5	0.105	1
4	0.867	1
3	0.498	1
5	0.685	1
2	0.175	1
3	0.092	1
4	0.146	1
2	0.197	0
5	0.94	0
5	0.902	1
4	0.98	0
1	0.191	1
1	0.112	1
3	0.59	0
1	0.336	1
1	0.964	1
5	0.223	1
3	0.272	1
2	0.134	1
3	0.473	1
4	0.771	1
2	0.42	0
2	0.264	0
4	0.057	1
2	0.097	1
5	0.612	0
2	0.981	1
4	0.964	0
1	0.855	0
1	0.734	0
2	0.458	1
1	0.224	1
5	0.582	0
5	0.144	1
1	0.892	0
4	0.44	1
3	0.878	1
3	0.488	0
5	0.65	0
3	0.351	0
4	0.972	0
5	0.595	0
1	0.287	1
3	0.379	1
3	0.285	1
2	0.904	1
2	0.222	1
5	0.685	0
2	0.664	0
3	0.174	1
5	0.493	0
5	0.749	1
1	0.807	0
5	0.271	1
1	0.635	0
5	0.889	0
4	0.451	1
1	0.391	1
1	0.789	1
3	0.786	0
3	0.623	0
1	0.663	1
4	0.052	1
1	0.585	1
2	0.695	0
1	0.159	1
5	0.348	1
1	0.028	1
4	0.692	0
5	0.261	1
1	0.822	1
2	0.932	0
3	0.117	1
4	0.035	1
2	0.848	0
2	0.952	0
1	0.445	0
2	0.365	1
3	0.19	1
1	0.176	1
2	0.589	0
3	0.517	1
5	0.04	1
1	0.88	1
3	0.18	1
4	0.257	1
3	0.399	1
2	0.31	1
5	0.716	0
4	0.488	1
4	0.019	1
4	0.191	0
2	0.604	0
3	0.956	1
4	0.219	1
3	0.178	0
2	0.265	0
3	0.981	0
4	0.04	1
2	0.051	1
2	0.629	1
2	0.171	1
4	0.961	0
2	0.244	1
3	0.669	1
1	0.258	1
5	0.423	1
4	0.835	0
1	0.555	0
4	0.101	1
5	0.011	1
2	0.614	0
2	0.454	0
3	0.283	1
1	0.708	0
1	0.201	0
1	0.281	1
5	0.171	1
3	0.08	1
2	0.399	0
5	0.225	1
3	0.224	1
2	0.206	1
2	0.562	1
4	0.975	1
5	0.187	1
4	0.335	1
1	0.325	1
4	0.602	1
3	0.381	0
1	0.756	1
1	0.258	1
2	0.142	1
1	0.379	1
1	0.016	1
3	0.025	1
1	0.075	1
1	0.281	1
1	0.227	1
5	0.087	1
3	0.757	1
2	0.415	0
3	0.24	1
5	0.663	0
2	0.247	1
5	0.259	0
3	0.894	0
5	0.301	1
4	0.656	0
2	0.458	1
4	0.679	1
5	0.418	1
5	0.806	1
2	0.621	1
3	0.182	1
5	0.199	1
2	0.543	0
2	0.907	1
4	0.124	1
3	0.408	1
3	0.675	0
1	0.556	1
4	0.363	0
5	0.898	0
2	0.19	1
5	0.071	1
1	0.249	1
1	0.173	1
2	0.6	1
3	0.778	0
1	0.868	1
1	0.845	0
4	0.951	0
3	0.285	1
2	0.484	0
5	0.84	0
4	0.826	0
5	0.164	1
1	0.93	0
5	0.567	1
3	0.487	1
5	0.908	0
5	0.02	1
3	0.067	1
3	0.705	1
3	0.706	1
1	0.88	0
2	0.782	1
2	0.3	1
4	0.675	0
2	0.492	0
3	0.407	1
3	0.874	1
3	0.658	0
2	0.42	0
3	0.137	0
5	0.27	0
4	0.116	1
3	0.054	1
2	0.7	0
2	0.487	0
2	0.016	1
3	0.276	1
4	0.728	1
2	0.031	1
4	0.099	1
1	0.728	1
4	0.266	1
3	0.813	1
1	0.028	1
2	0.342	1
5	0.752	1
2	0.64	1
1	0.232	1
3	0.391	1
4	0.215	1
3	0.753	1
2	0.314	1
2	0.284	1
4	0.263	1
1	0.655	1
1	0.455	1
5	0.441	1
2	0.593	0
3	0.265	1
2	0.055	1
4	0.688	0
5	0.276	0
3	0.893	0
1	0.384	1
4	0.813	0
5	0.123	1
3	0.553	0
3	0.052	1
1	0.781	1
1	0.362	0
5	0.917	0
4	0.332	1
3	0.418	1
1	0.559	1
3	0.002	1
4	0.747	0
5	0.608	0
3	0.691	1
2	0.448	0
5	0.273	0
1	0.867	0
4	0.559	1
2	0.78	1
3	0.282	1
1	0.321	1
3	0.867	0
2	0.72	1
4	0.441	1
2	0.24	0
4	0.002	1
5	0.689	0
1	0.436	0
1	0.008	1
5	0.283	1
2	0.055	1
2	0.639	0
3	0.144	1
4	0.993	0
3	0.459	1
2	0.974	0
5	0.232	1
1	0.143	0
3	0.152	1
1	0.39	0
5	0.987	0
3	0.15	1
2	0.768	0
4	0.576	1
1	0.928	1
3	0.298	1
5	0.039	1
1	0.048	1
1	0.503	1
3	0.674	0
1	0.838	1
2	0.802	0
2	0.452	1
3	0.581	1
1	0.108	1
3	0.347	1
4	0.353	1
3	0.12	1
3	0.098	1
1	0.541	1
2	0.702	0
4	0.964	1
1	0.748	0
2	0.405	0
4	0.72	1
5	0.469	1
1	0.542	0
2	0.446	0
1	0.944	1
3	0.874	0
4	0.162	1
5	0.849	0
5	0.203	1
3	0.922	1
2	0.683	1
3	0.666	0
4	0.069	1
2	0.585	1
1	0.343	0
3	0.346	0
3	0.374	1
5	0.583	1
2	0.145	1
4	0.98	0
2	0.343	1
1	0.55	1
5	0.645	1
2	0.065	1
4	0.645	1
5	0.524	1
5	0.342	1
5	0.553	0
4	0.017	1
4	0.45	0
1	0.531	1
2	0.316	1
2	0.396	1
5	0.848	0
4	0.962	0
4	0.27	1
3	0.511	0
5	0.036	1
3	0.679	1
1	0.014	1
5	0.163	1
1	0.269	1
5	0.494	1
3	0.368	1
2	0.325	1
3	0.216	1
2	0.372	1
4	0.853	0
1	0.31	1
4	0.875	1
5	0.942	1
1	0.038	1
4	0.428	1
3	0.727	1
5	0.923	0
2	0.802	0
4	0.706	1
2	0.5	0
1	0.003	1
4	0.845	0
1	0.07	0
5	0.09	1
3	0.708	0
1	0.668	0
2	0.715	0
2	0.691	0
4	0.827	0
5	0.782	0
4	0.933	1
2	0.406	0
2	0.941	0
4	0.359	0
2	0.394	0
5	0.138	1
3	0.868	0
3	0.319	1
5	0.244	1
4	0.891	1
1	0.744	0
4	0.775	1
1	0.656	0
5	0.116	1
2	0.177	1
3	0.493	0
3	0.136	1
4	0.767	1
2	0.534	0
2	0.164	1
1	0.58	1
3	0.814	0
4	0.072	1
2	0.353	1
1	0.281	1
1	0.645	1
4	0.488	1
1	0.111	1
4	0.33	1
3	0.726	0
3	0.325	1
5	0.028	1
5	0.34	1
3	0.83	1
4	0.996	0
3	0.067	1
2	0.279	1
2	0.218	1
5	0.153	1
1	0.751	1
4	0.281	0
2	0.973	0
3	0.003	1
1	0.124	0
4	0.454	1
5	0.776	0
4	0.951	0
4	0.463	0
1	0.22	1
3	0.153	1
1	0.31	1
2	0.302	1
5	0.666	0
3	0.111	1
2	0.422	0
4	0.031	1
4	0.081	1
3	0.563	0
5	0.542	1
5	0.223	1
2	0.2	0
1	0.027	1
5	0.0	1
2	0.58	0
2	0.443	1
2	0.843	0
2	0.463	1
3	0.317	1
1	0.452	1
5	0.465	0
2	0.669	0
3	0.808	0
5	0.428	1
1	0.685	0
1	0.814	0
3	0.407	1
5	0.078	1
3	0.905	0
1	0.581	1
1	0.19	1
2	0.215	0
4	0.012	1
3	0.188	1
2	0.774	0
2	0.903	0
3	0.203	0
1	0.211	1
1	0.968	0
4	0.3	1
2	0.647	1
3	0.608	1
4	0.454	1
1	0.289	1
5	0.647	1
3	0.996	0
2	0.646	1
4	0.27	1
2	0.484	1
3	0.237	1
3	0.561	0
2	0.228	0
1	0.732	0
4	0.286	1
4	0.649	1
4	0.469	0
1	0.164	1
4	0.449	1
3	0.061	1
1	0.524	1
3	0.349	0
1	0.447	1
1	0.095	1
2	0.874	0
5	0.988	0
2	0.091	1
5	0.545	0
1	0.21	1
1	0.627	1
4	0.348	1
1	0.586	1
2	0.925	0
5	0.798	1
3	0.508	1
2	0.868	0
2	0.348	1
2	0.912	0
3	0.874	0
4	0.983	0
2	0.418	1
4	0.623	0
2	0.18	1
4	0.167	1
1	0.303	1
1	0.634	1
3	0.326	1
3	0.358	1
5	0.557	1
4	0.076	0
4	0.699	0
1	0.321	1
4	0.819	1
1	0.247	0
1	0.255	1
5	0.365	1
1	0.03	1
4	0.362	1
3	0.958	0
4	0.268	1
4	0.678	1
5	0.029	1
5	0.453	0
4	0.105	1
2	0.927	0
5	0.939	0
1	0.869	0
5	0.487	1
3	0.548	0
5	0.278	1
4	0.003	1
2	0.499	1
1	0.658	1
4	0.808	0
2	0.778	0
5	0.637	0
2	0.837	0
4	0.407	0
3	0.366	0
5	0.464	0
3	0.594	0
4	0.624	1
3	0.466	0
3	0.67	0
4	0.458	0
5	0.343	0
3	0.986	0
4	0.3	1
1	0.8	0
1	0.34	0
1	0.877	0
3	0.124	1
1	0.344	1
5	0.705	0
1	0.336	1
5	0.838	1
3	0.933	1
3	0.625	0
3	0.933	0
3	0.606	0
1	0.418	1
4	0.202	1
4	0.669	0
3	0.38	1
2	0.624	0
1	0.823	0
3	0.411	0
2	0.754	0
2	0.577	0
1	0.125	1
4	0.652	0
2	0.435	0
5	0.204	1
4	0.763	0
3	0.616	1
2	0.572	0
2	0.274	1
5	0.879	0
1	0.432	0
5	0.92	0
3	0.555	1
1	0.221	1
4	0.534	1
3	0.163	1
1	0.586	1
2	0.635	1
3	0.289	0
3	0.794	0
5	0.526	0
5	0.046	1
4	0.066	0
3	0.7	1
5	0.285	1
5	0.899	0
5	0.984	0
3	0.155	1
2	0.279	1
4	0.387	1
4	0.16	0
3	0.938	0
3	0.09	1
1	0.618	0
3	0.105	1
4	0.261	1
4	0.568	1
3	0.165	1
1	0.928	1
5	0.84	1
3	0.468	0
3	0.294	0
3	0.927	0
2	0.65	1
5	0.355	0
5	0.272	1
5	0.791	1
4	0.989	0
2	0.144	1
4	0.834	0
5	0.836	1
4	0.067	1
3	0.669	0
1	0.725	1
1	0.695	1
2	0.041	1
1	0.733	0
2	0.184	1
2	0.147	1
3	0.346	1
5	0.982	0
4	0.062	0
4	0.448	0
3	0.468	1
5	0.892	0
1	0.54	0
1	0.141	1
2	0.154	1
4	0.635	1
4	0.579	0
2	0.298	1
4	0.325	0
4	0.354	0
4	0.479	1
1	0.245	1
3	0.122	1
1	0.25	1
1	0.821	0
2	0.838	0
4	0.356	0
1	0.973	1
2	0.636	1
4	0.763	1
3	0.918	0
3	0.871	0
1	0.791	0
4	0.403	0
5	0.553	0
1	0.012	1
2	0.085	1
3	0.026	1
1	0.964	0
2	0.29	1
2	0.586	0
1	0.748	0
2	0.768	0
2	0.341	1
5	0.141	1
2	0.778	0
3	0.652	0
1	0.421	1
3	0.423	1
5	0.868	0
5	0.236	0
3	0.562	0
2	0.246	1
2	0.59	1
3	0.019	1
2	0.066	1
3	0.564	1
1	0.145	1
1	0.604	0
5	0.786	1
4	0.588	1
5	0.023	1
1	0.058	1
1	0.356	1
3	0.564	0
1	0.881	1
5	0.914	0
3	0.337	0
5	0.431	0
5	0.303	1
5	0.243	1
1	0.123	1
5	0.62	1
3	0.588	1
5	0.193	1
1	0.652	1
3	0.075	1
2	0.005	1
4	0.18	1
3	0.098	1
4	0.852	0
5	0.257	1
4	0.646	1
4	0.947	0
5	0.882	1
3	0.138	1
2	0.167	1
2	0.117	1
4	0.77	0
5	0.758	0
2	0.242	0
3	0.52	0
3	0.176	1
3	0.898	0
5	0.426	1
1	0.819	0
2	0.404	0
1	0.6	1
4	0.574	1
2	0.233	1
1	0.38	0
3	0.718	0
3	0.967	0
5	0.08	1
1	0.098	1
5	0.718	1
2	0.666	1
1	0.12	0
1	0.376	0
5	0.916	0
1	0.86	0
2	0.372	1
3	0.461	0
1	0.034	0
5	0.233	1
3	0.301	1
4	0.31	1
3	0.348	1
4	0.893	1
5	0.717	0
2	0.109	1
3	0.307	0
2	0.379	1
4	0.343	0
3	0.269	1
5	0.737	1
2	0.583	1
1	0.425	0
2	0.36	0
5	0.134	1
3	0.192	1
2	0.599	1
4	0.992	0
1	0.37	1
1	0.773	0
4	0.409	0
2	0.58	0
3	0.71	0
4	0.713	0
2	0.941	0
2	0.675	0
4	0.278	1
1	0.186	1
1	0.529	1
4	0.565	0
5	0.807	1
5	0.315	1
1	0.413	1
4	0.685	1
1	0.241	1
5	0.268	1
2	0.141	1
2	0.199	1
5	0.515	0
4	0.195	1
3	0.491	1
3	0.156	1
5	0.629	0
4	0.454	0
1	0.48	1
5	0.537	1
2	0.896	1
2	0.62	1
2	0.716	0
3	0.615	1
2	0.094	1
3	0.835	0
2	0.265	1
5	0.14	1
4	0.539	0
4	0.668	1
5	0.014	1
5	0.808	0
2	0.946	0
5	0.162	1
5	0.177	0
1	0.106	0
3	0.511	1
2	0.964	0
4	0.866	1
5	0.146	1
5	0.841	0
3	0.619	1
2	0.221	1
1	0.485	1
3	0.087	1
4	0.289	1
3	0.304	1
4	0.113	1
1	0.235	0
2	0.322	0
3	0.45	0
1	0.586	1
5	0.205	1
1	0.935	0
2	0.467	1
1	0.674	0
4	0.568	1
3	0.761	0
3	0.301	0
4	0.953	0
2	0.391	0
5	0.497	0
4	0.757	1
3	0.648	0
1	0.889	0
2	0.052	1
1	0.548	0
3	0.647	0
3	0.765	0
1	0.707	1
4	0.638	1
1	0.135	1
4	0.775	1
3	0.819	0
4	0.615	1
4	0.546	1
1	0.267	1
4	0.949	1
3	0.588	0
3	0.35	1
5	0.437	0
1	0.743	0
1	0.845	0
4	0.306	1
1	0.461	1
2	0.422	0
3	0.604	1
2	0.772	0
2	0.545	1
4	0.774	0
1	0.082	1
4	0.614	1
2	0.7	0
5	0.903	0
5	0.892	0
2	0.638	0
3	0.288	1
4	0.969	0
3	0.015	1
1	0.396	0
3	0.61	0
3	0.172	1
1	0.312	1
1	0.73	0
3	0.367	1
4	0.872	1
1	0.294	0
4	0.628	0
2	0.049	1
1	0.254	1
1	0.247	1
2	0.337	1
1	0.021	1
4	0.611	1
4	0.882	0
2	0.672	1
1	0.735	1
5	0.395	1
3	0.675	0
4	0.066	1
4	0.073	1
5	0.975	0
3	0.308	1
4	0.986	0
3	0.901	0
5	0.565	1
2	0.116	1
5	0.877	1
3	0.265	0
1	0.209	0
5	0.61	1
2	0.892	0
4	0.78	0
1	0.924	0
5	0.72	0
1	0.73	0
4	0.564	1
2	0.69	0
5	0.828	0
4	0.56	0
1	0.443	0
3	0.213	0
1	0.904	1
3	0.253	1
3	0.6	0
2	0.207	1
1	0.564	0
2	0.028	1
4	0.016	1
3	0.341	1
3	0.343	1
1	0.596	0
4	0.775	1
5	0.137	1
2	0.1	1
2	0.631	1
3	0.005	1
3	0.662	0
1	0.365	1
5	0.931	0
2	0.626	1
3	0.138	1
4	0.038	0
5	0.753	1
3	0.207	0
1	0.389	1
5	0.585	0
3	0.514	1
3	0.955	0
3	0.886	0
2	0.364	1
4	0.025	1
2	0.531	1
3	0.13	1
3	0.617	0
4	0.273	1
1	0.085	1
2	0.823	1
3	0.154	1
1	0.377	1
5	0.962	0
2	0.493	0
1	0.485	1
4	0.123	1
2	0.638	0
4	0.261	1
1	0.665	0
4	0.715	0
4	0.819	0
3	0.046	1
1	0.059	1
4	0.267	1
4	0.428	0
2	0.125	1
5	0.476	1
4	0.386	1
1	0.73	0
2	0.589	0
4	0.515	1
2	0.946	0
5	0.564	1
4	0.002	1
3	0.055	1
2	0.63	1
5	0.516	0
4	0.809	1
1	0.55	1
4	0.525	1
2	0.709	0
1	0.164	1
2	0.279	1
2	0.61	1
3	0.762	1
4	0.829	0
2	0.35	1
1	0.244	1
5	0.537	1
4	0.816	1
1	0.544	1
5	0.595	1
4	0.905	0
5	0.269	1
2	0.029	0
5	0.384	1
2	0.302	0
5	0.604	1
4	0.099	1
4	0.605	0
2	0.325	1
3	0.516	1
1	0.714	1
3	0.858	0
2	0.471	1
1	0.01	1
3	0.696	1
5	0.013	1
1	0.428	0
3	0.476	1
4	0.526	1
4	0.867	1
1	0.862	0
1	0.761	1
1	0.791	0
1	0.604	1
2	0.11	1
4	0.162	1
1	0.996	0
3	0.935	0
5	0.847	0
4	0.788	0
3	0.655	0
2	0.613	1
5	0.286	1
1	0.075	1
1	0.648	1
4	0.088	1
4	0.02	1
5	0.56	1
2	0.854	1
4	0.123	1
5	0.325	0
1	0.667	1
5	0.329	1
5	0.799	0
4	0.009	1
1	0.555	1
4	0.164	1
4	0.739	1
1	0.97	0
4	0.3	0
4	0.653	0
3	0.597	1
5	0.445	1
5	0.298	1
1	0.268	1
3	0.141	1
2	0.179	1
1	0.879	1
1	0.456	0
1	0.512	1
1	0.469	1
4	0.576	1
3	0.828	0
1	0.538	1
2	0.129	1
4	0.553	0
5	0.272	1
4	0.086	1
5	0.284	1
4	0.619	0
2	0.859	0
5	0.212	1
2	0.568	0
2	0.696	0
5	0.953	0
1	0.932	0
4	0.298	0
1	0.341	1
5	0.653	1
5	0.688	1
1	0.687	1
4	0.153	0
3	0.562	1
5	0.82	0
2	0.343	0
2	0.362	0
5	0.346	0
2	0.83	0
5	0.891	1
2	0.248	1
2	0.372	1
3	0.694	0
3	0.562	1
4	0.034	1
5	0.113	1
3	0.077	1
5	0.193	1
2	0.849	0
1	0.667	0
1	0.736	0
5	0.88	1
1	0.556	1
2	0.342	1
3	0.745	1
3	0.828	1
4	0.705	1
4	0.311	1
4	0.624	0
4	0.922	0
2	0.654	1
3	0.956	1
2	0.594	0
1	0.6	0
4	0.9	1
4	0.739	0
3	0.083	1
3	0.725	1
5	0.863	0
2	0.549	1
4	0.269	0
5	0.173	1
4	0.929	0
4	0.366	1
4	0.841	0
3	0.448	1
5	0.232	1
3	0.77	0
4	0.178	1
2	0.085	1
2	0.071	1
2	0.616	0
4	0.675	0
3	0.448	1
2	0.069	1
3	0.399	1
2	0.283	0
5	0.58	1
4	0.559	0
1	0.332	1
5	0.851	0
3	0.408	1
3	0.993	0
1	0.324	1
2	0.429	1
4	0.823	0
2	0.74	0
4	0.575	0
4	0.981	0
2	0.229	1
3	0.754	1
2	0.13	1
5	0.941	1
5	0.818	0
1	0.985	0
4	0.726	1
4	0.8	1
1	0.312	1
1	0.76	1
4	0.836	0
5	0.497	0
5	0.178	1
2	0.083	1
3	0.506	0
1	0.062	1
3	0.86	0
5	0.404	1
4	0.39	1
3	0.766	0
3	0.782	1
1	0.067	1
2	0.379	1
4	0.624	0
4	0.835	0
4	0.692	1
1	0.836	0
4	0.793	0
4	0.168	1
3	0.433	0
1	0.84	0
2	0.982	1
5	0.792	0
4	0.405	1
4	0.326	1
4	0.608	0
1	0.648	1
2	0.188	1
4	0.73	0
4	0.972	0
5	0.017	1
2	0.028	1
5	0.96	0
1	0.101	0
3	0.706	1
1	0.903	0
2	0.839	0
3	0.858	0
5	0.679	1
4	0.412	1
1	0.019	1
5	0.078	0
5	0.071	1
3	0.709	0
4	0.16	1
1	0.836	0
1	0.775	1
1	0.504	1
3	0.391	1
3	0.37	1
2	0.703	1
2	0.209	0
4	0.07	1
2	0.726	0
5	0.757	0
3	0.566	0
5	0.259	1
3	0.318	1
4	0.604	0
1	0.69	0
2	0.706	1
4	0.011	1
3	0.458	0
1	0.693	0
3	0.947	0
2	0.632	1
4	0.86	0
1	0.921	1
3	0.764	0
4	0.575	1
5	0.134	1
4	0.907	0
2	0.059	0
1	0.392	1
3	0.563	1
5	0.428	1
3	0.192	1
4	0.051	1
1	0.326	1
2	0.9	0
4	0.427	1
1	0.45	1
2	0.837	0
2	0.159	1
3	0.838	0
4	0.526	1
5	0.26	1
1	0.019	1
2	0.558	1
3	0.895	0
2	0.637	0
3	0.757	0
4	0.065	1
5	0.866	0
2	0.29	1
1	0.166	1
1	0.726	1
1	0.802	1
4	0.758	0
1	0.306	1
5	0.747	0
3	0.008	1
3	0.918	0
1	0.94	0
3	0.569	0
1	0.247	1
4	0.79	0
3	0.016	1
2	0.243	1
4	0.406	1
2	0.704	1
5	0.871	1
1	0.939	1
3	0.674	1
5	0.309	1
3	0.44	0
1	0.093	1
1	0.744	0
3	0.052	1
3	0.349	1
5	0.072	1
4	0.593	0
4	0.806	1
4	0.935	0
4	0.79	0
3	0.124	1
5	0.311	0
2	0.08	1
5	0.293	1
2	0.281	1
4	0.693	0
4	0.873	0
4	0.364	1
1	0.115	1
2	0.92	0
5	0.755	0
3	0.925	0
4	0.575	0
3	0.286	0
5	0.909	0
4	0.768	1
5	0.158	0
3	0.575	0
4	0.986	1
4	0.154	1
5	0.043	1
3	0.099	1
2	0.02	1
2	0.259	1
2	0.775	0
5	0.503	0
2	0.149	1
2	0.759	0
5	0.15	1
1	0.753	0
5	0.458	1
1	0.037	1
2	0.846	1
2	0.057	1
3	0.122	1
3	0.003	1
4	0.864	1
1	0.223	0
5	0.908	0
5	0.392	0
3	0.915	0
2	0.939	1
4	0.514	0
2	0.356	1
3	0.588	1
3	0.319	0
4	0.103	1
5	0.512	0
2	0.371	1
4	0.295	1
4	0.619	0
5	0.738	0
3	0.91	1
3	0.592	1
4	0.681	0
3	0.432	1
5	0.718	1
3	0.484	0
3	0.119	1
2	0.293	1
2	0.347	0
3	0.093	1
4	0.819	0
5	0.63	1
3	0.348	1
5	0.614	0
1	0.13	1
4	0.0	1
5	0.572	1
4	0.857	1
2	0.426	1
3	0.512	1
3	0.318	0
4	0.59	1
2	0.283	0
4	0.071	1
1	0.554	0
3	0.639	0
5	0.192	1
5	0.248	1
2	0.531	0
2	0.147	1
3	0.404	0
1	0.434	1
1	0.673	0
2	0.001	1
2	0.493	0
4	0.233	1
5	0.797	1
1	0.358	0
2	0.08	1
4	0.807	1
3	0.893	0
5	0.435	1
2	0.205	1
4	0.779	0
5	0.335	1
5	0.77	0
5	0.962	1
2	0.754	0
2	0.42	1
3	0.668	1
3	0.061	1
4	0.39	0
3	0.322	0
5	0.751	0
5	0.658	1
4	0.503	1
5	0.536	1
3	0.642	0
2	0.758	0
1	0.613	0
2	0.138	1
3	0.754	0
5	0.475	0
2	0.208	0
4	0.153	1
5	0.765	1
2	0.098	1
1	0.38	1
2	0.636	0
2	0.384	1
3	0.557	0
2	0.943	1
4	0.308	1
3	0.753	0
4	0.88	0
2	0.447	1
3	0.654	1
3	0.37	0
3	0.291	1
1	0.246	1
4	0.267	1
5	0.631	0
5	0.474	1
5	0.366	1
3	0.571	0
3	0.043	1
2	0.362	1
5	0.363	1
4	0.109	1
2	0.93	0
1	0.327	0
2	0.357	1
4	0.274	1
5	0.331	0
3	0.056	1
3	0.383	0
5	0.096	1
1	0.95	1
5	0.832	0
5	0.361	1
5	0.361	0
4	0.276	1
1	0.222	1
5	0.707	0
3	0.641	1
5	0.324	1
3	0.715	0
5	0.502	1
1	0.925	1
4	0.461	0
2	0.58	1
2	0.659	1
5	0.058	1
2	0.826	0
1	0.32	1
5	0.68	0
3	0.29	1
3	0.023	1
5	0.415	0
1	0.282	0
4	0.938	0
1	0.026	1
2	0.332	1
1	0.498	1
1	0.433	0
5	0.539	0
4	0.192	1
1	0.101	0
3	0.638	1
2	0.334	1
4	0.36	1
2	0.14	1
1	0.561	0
1	0.354	1
3	0.605	0
1	0.158	1
2	0.068	1
3	0.092	1
1	0.183	1
2	0.239	1
3	0.346	1
2	0.649	0
4	0.198	1
1	0.796	0
2	0.404	1
5	0.403	0
5	0.697	1
5	0.298	1
3	0.386	0
2	0.102	1
1	0.062	1
1	0.037	1
4	0.563	1
5	0.567	0
5	0.761	0
2	0.381	1
3	0.796	0
4	0.495	1
3	0.35	1
4	0.505	0
5	0.013	1
3	0.558	0
3	0.638	0
3	0.195	1
4	0.087	1
2	0.872	0
5	0.037	1
1	0.824	1
5	0.129	1
4	0.932	0
4	0.497	1
4	0.88	1
5	0.691	0
4	0.657	0
4	0.143	1
2	0.428	0
5	0.29	1
2	0.289	0
2	0.737	0
3	0.026	1
1	0.802	0
5	0.939	0
3	0.044	1
5	0.958	0
5	0.826	0
4	0.865	1
1	0.636	0
4	0.895	0
1	0.025	1
3	0.791	1
4	0.823	0
2	0.936	1
4	0.921	1
3	0.61	1
1	0.728	1
1	0.846	1
1	0.292	1
3	0.607	1
3	0.277	1
2	0.738	1
5	0.289	1
5	0.755	0
5	0.702	0
1	0.936	0
1	0.717	0
5	0.425	0
4	0.349	0
1	0.378	0
4	0.754	0
1	0.045	1
5	0.452	1
2	0.067	1
1	0.571	0
1	0.199	1
3	0.393	1
5	0.684	0
4	0.942	0
5	0.015	1
3	0.853	1
2	0.446	1
5	0.322	0
1	0.989	0
3	0.367	1
4	0.226	1
2	0.469	0
4	0.094	1
3	0.708	0
2	0.239	1
1	0.534	0
1	0.625	1
3	0.099	0
2	0.876	0
5	0.674	0
4	0.066	1
1	0.442	1
1	0.11	0
1	0.752	0
1	0.076	1
3	0.323	0
5	0.342	1
4	0.727	1
1	0.051	1
5	0.208	1
5	0.557	0
3	0.601	1
1	0.082	1
1	0.66	0
4	0.227	0
5	0.184	1
5	0.034	1
5	0.954	0
5	0.189	1
1	0.003	1
2	0.124	1
3	0.542	0
5	0.835	1
2	0.782	0
2	0.917	1
3	0.427	1
2	0.65	0
4	0.399	1
2	0.374	1
3	0.764	0
3	0.242	1
4	0.951	0
1	0.709	0
5	0.597	0
5	0.356	1
5	0.684	0
5	0.412	1
4	0.331	1
2	0.022	1
3	0.344	1
5	0.679	0
2	0.084	1
1	0.57	0
2	0.689	0
2	0.833	1
4	0.022	1
5	0.057	0
5	0.986	0
4	0.346	0
2	0.272	0
5	0.691	1
1	0.309	1
4	0.767	0
3	0.696	0
4	0.5	1
3	0.499	1
2	0.764	0
5	0.979	0
3	0.263	1
1	0.403	1
3	0.2	1
5	0.8	0
5	0.022	1
4	0.473	0
3	0.11	1
3	0.92	0
2	0.191	1
4	0.098	1
1	0.899	1
4	0.838	0
3	0.919	0
2	0.573	1
1	0.814	1
1	0.053	1
1	0.514	1
4	0.67	0
3	0.952	0
5	0.43	0
2	0.1	1
4	0.8	0
4	0.281	1
5	0.667	0
1	0.675	0
3	0.115	1
4	0.059	1
4	0.345	0
4	0.788	1
1	0.027	1
4	0.286	1
4	0.355	1
1	0.542	1
3	0.452	1
1	0.133	1
3	0.08	1
5	0.288	1
4	0.6	0
5	0.696	0
3	0.426	0
5	0.471	1
1	0.951	1
2	0.093	1
1	0.069	1
2	0.737	1
3	0.061	1
5	0.653	0
4	0.948	0
5	0.443	0
2	0.082	1
4	0.013	1
2	0.407	1
5	0.332	0
1	0.625	1
4	0.323	1
2	0.051	1
4	0.929	0
3	0.299	1
3	0.34	0
2	0.836	0
4	0.203	1
1	0.659	0
1	0.256	1
4	0.753	0
3	0.383	1
2	0.971	0
5	0.114	1
3	0.319	1
1	0.803	0
2	0.004	1
4	0.109	1
2	0.829	1
2	0.311	1
4	0.892	0
1	0.704	0
1	0.165	0
2	0.131	0
3	0.947	1
4	0.051	1
2	0.716	0
3	0.424	1
5	0.317	0
5	0.007	1
1	0.572	0
1	0.286	0
2	0.338	1
5	0.333	1
3	0.631	1
2	0.308	1
2	0.55	0
3	0.473	1
5	0.729	1
3	0.71	0
2	0.056	1
3	0.751	1
4	0.264	1
1	0.794	0
1	0.364	0
3	0.063	1
4	0.524	1
3	0.435	1
4	0.199	1
4	0.832	0
1	0.826	0
3	0.555	0
1	0.942	1
5	0.697	0
3	0.336	0
2	0.042	1
1	0.989	0
4	0.888	0
5	0.812	1
4	0.299	1
3	0.349	0
3	0.445	1
5	0.679	0
1	0.598	0
1	0.699	1
3	0.495	1
2	0.666	0
3	0.204	1
3	0.586	1
4	0.682	0
3	0.506	1
3	0.219	1
3	0.285	0
3	0.54	0
2	0.821	0
4	0.701	0
5	0.095	1
5	0.978	0
4	0.339	1
2	0.479	0
2	0.521	1
5	0.92	0
3	0.995	0
1	0.12	1
1	0.336	0
1	0.398	0
5	0.265	1
1	0.443	1
5	0.283	1
1	0.778	1
4	0.513	1
2	0.353	1
2	0.445	0
4	0.755	1
4	0.504	1
4	0.75	0
3	0.454	0
5	0.425	1
2	0.713	1
3	0.458	0
5	0.507	1
4	0.493	0
2	0.548	0
4	0.959	0
1	0.646	1
2	0.958	0
2	0.238	0
3	0.259	0
3	0.24	1
1	0.058	1
3	0.728	0
4	0.98	1
1	0.194	1
1	0.174	1
3	0.715	0
1	0.015	1
3	0.016	1
1	0.096	1
3	0.716	1
2	0.636	1
1	0.185	1
1	0.659	0
5	0.694	0
1	0.755	0
4	0.897	1
1	0.395	0
5	0.289	1
4	0.675	0
3	0.904	0
4	0.561	0
2	0.084	1
3	0.53	1
2	0.975	1
3	0.33	1
5	0.294	1
5	0.476	0
3	0.054	1
5	0.346	1
3	0.881	0
4	0.507	1
3	0.463	1
4	0.858	1
4	0.168	1
3	0.512	0
4	0.614	1
4	0.485	1
3	0.758	1
4	0.323	1
5	0.713	1
5	0.431	1
3	0.344	1
3	0.327	1
4	0.74	0
5	0.557	1
3	0.043	1
3	0.691	0
3	0.677	0
4	0.796	1
5	0.457	0
4	0.239	1
5	0.726	0
4	0.292	1
4	0.996	0
3	0.566	1
4	0.946	0
4	0.753	1
2	0.069	1
1	0.785	0
1	0.952	0
2	0.742	1
1	0.292	1
1	0.865	1
1	0.73	0
2	0.273	1
5	0.993	0
5	0.469	1
1	0.207	1
4	0.319	0
3	0.233	1
5	0.354	0
1	0.029	0
1	0.422	1
1	0.167	1
5	0.727	0
2	0.93	0
4	0.256	1
5	0.595	1
5	0.445	1
5	0.87	1
2	0.8	0
3	0.42	0
1	0.974	0
4	0.594	1
5	0.011	1
3	0.327	1
4	0.248	0
3	0.803	0
2	0.21	1
2	0.329	1
5	0.91	1
5	0.5	1
5	0.577	0
2	0.413	1
4	0.224	1
4	0.403	1
2	0.73	1
4	0.546	1
1	0.716	1
1	0.693	1
3	0.424	0
5	0.289	1
1	0.773	0
5	0.049	1
2	0.745	1
5	0.863	0
5	0.16	1
4	0.131	1
3	0.419	1
5	0.333	0
3	0.817	0
3	0.016	1
2	0.032	1
1	0.135	1
5	0.11	1
1	0.45	1
4	0.819	0
2	0.059	1
5	0.088	1
2	0.463	1
2	0.848	0
5	0.397	0
5	0.842	0
4	0.904	0
1	0.574	1
3	0.025	1
4	0.722	0
3	0.697	0
4	0.056	1
4	0.038	1
4	0.708	0
1	0.58	0
5	0.117	0
4	0.378	1
3	0.785	1
5	0.347	0
5	0.02	1
2	0.429	1
2	0.35	1
3	0.201	0
5	0.426	0
2	0.572	0
5	0.202	1
3	0.693	1
1	0.683	1
5	0.545	0
5	0.478	1
5	0.094	1
5	0.077	1
5	0.295	1
5	0.438	1
1	0.012	1
1	0.23	1
5	0.398	0
3	0.561	1
1	0.37	0
2	0.325	1
5	0.021	1
5	0.764	0
2	0.367	1
2	0.245	1
5	0.338	0
1	0.331	1
4	0.642	1
1	0.113	0
1	0.514	1
2	0.371	1
3	0.987	0
3	0.819	0
4	0.885	1
3	0.435	1
4	0.803	0
5	0.096	1
2	0.688	0
3	0.968	0
5	0.845	1
5	0.657	0
